f = 0.5-exp(3.1415926535897932*x)
df = -3.1415926535897932*exp(3.1415926535897932*x)